Profile Analysis
Project Root: C:\Users\aspec\Documents\INF8175-PROJECT\Xenith
Profile File: C:\Users\aspec\Documents\INF8175-PROJECT\Xenith\pipeline\out\profile_stats
Total Functions Found: 380

+--------------------------------------------------------------------------------------------------------------------------------------------------------+
|                                                       Top 500 Project Functions by 'total_time'                                                        |
+-----------------------------------------------------------------------------+----------+----------------+--------------+----------------+--------------+
|                                   Function                                  |  Calls   | Total Time (s) | Per Call (s) | Cumulative (s) | Cum/Call (s) |
+-----------------------------------------------------------------------------+----------+----------------+--------------+----------------+--------------+
|                 _compute_local_moves (playout_policy.py:184)                |  559082  |  11.803519300  | 0.000021112  |  19.293921200  | 0.000034510  |
|              apply_move (field_propagation_pattern_store.py:97)             |  559098  |  11.454120900  | 0.000020487  |  12.245820900  | 0.000021903  |
|                          matches (vc_pattern.py:51)                         | 1946405  |  10.371110600  | 0.000005328  |  23.981537200  | 0.000012321  |
|                    generate_move (playout_policy.py:142)                    |  559082  |  8.258232900   | 0.000014771  |  37.750819300  | 0.000067523  |
|            compute_dead_regions_single_group (dead_region.py:97)            |    5     |  8.106829500   | 1.621365900  |  14.731097700  | 2.946219540  |
|                 are_cells_adjacent_fast (dead_region.py:22)                 | 17505274 |  5.923192000   | 0.000000338  |  5.923192000   | 0.000000338  |
|                    execute_rollout (playout_phase.py:37)                    |   3297   |  4.474956800   | 0.001357281  |  67.169544900  | 0.020372928  |
|              get_keys (field_propagation_pattern_store.py:126)              | 5682563  |  4.130357700   | 0.000000727  |  4.130357700   | 0.000000727  |
|                 add_piece_and_update_groups (clusters.py:54)                |  568716  |  3.760029400   | 0.000006611  |  6.753808500   | 0.000011876  |
|                      apply_move (playout_policy.py:107)                     |  559082  |  2.609559800   | 0.000004668  |  14.854461200  | 0.000026569  |
|              _initialize_global_weights (playout_policy.py:62)              |   3297   |  2.276805600   | 0.000690569  |  3.182683100   | 0.000965327  |
|                            _find (clusters.py:77)                           | 3246174  |  2.219181500   | 0.000000684  |  2.219181500   | 0.000000684  |
|                   compute_captured_sets (vcs_build.py:16)                   |    10    |  2.190861700   | 0.219086170  |  26.586419600  | 2.658641960  |
|           _get_cell_index (field_propagation_pattern_store.py:74)           |  559098  |  0.791681500   | 0.000001416  |  0.791681500   | 0.000001416  |
|                           _union (clusters.py:84)                           |  770013  |  0.774597600   | 0.000001006  |  1.972456500   | 0.000002562  |
|                     <module> (global_pattern_table.py:1)                    |    1     |  0.767558900   | 0.767558900  |  0.767754400   | 0.767754400  |
|                  select_best_action (selection_phase.py:15)                 |   9618   |  0.531483700   | 0.000055259  |  0.773193600   | 0.000080390  |
|       get_affected_neighbors (field_propagation_pattern_store.py:129)       |  556747  |  0.487459900   | 0.000000876  |  0.592810400   | 0.000001065  |
|                   _backpropagate (search_executor.py:414)                   |   3296   |  0.341835900   | 0.000103712  |  0.373157700   | 0.000113215  |
|                      compute_priors (gamma_prior.py:18)                     |   963    |  0.298729500   | 0.000310207  |  0.540332300   | 0.000561093  |
|                         endpoints (vc_pattern.py:47)                        | 1160527  |  0.249772200   | 0.000000215  |  0.249772200   | 0.000000215  |
|                _run_single_iteration (search_executor.py:172)               |   3297   |  0.213807100   | 0.000064849  |  78.056578000  | 0.023675031  |
|                       not_opponent (vc_pattern.py:43)                       | 1160527  |  0.165948500   | 0.000000143  |  0.165948500   | 0.000000143  |
|                         get_winner (clusters.py:91)                         |  559081  |  0.120545900   | 0.000000216  |  0.120545900   | 0.000000216  |
|                          get_group (groups.py:142)                          |  198042  |  0.096251700   | 0.000000486  |  0.096251700   | 0.000000486  |
|                     <module> (local_pattern_table.py:1)                     |    1     |  0.084132700   | 0.084132700  |  0.084333800   | 0.084333800  |
|                     match_on_cell (pattern_state.py:275)                    |  15001   |  0.080633500   | 0.000005375  |  0.135241800   | 0.000009016  |
| use_graph_theory_to_find_dead_vulnerable (ice_engine_dead_vulnerable.py:68) |    26    |  0.047816100   | 0.001839081  |  0.074188800   | 0.002853415  |
|                      add_pattern_vcs (vcs_build.py:73)                      |    10    |  0.039584200   | 0.003958420  |  0.209400100   | 0.020940010  |
|                       _allocate_node (flat_tree.py:71)                      |   3302   |  0.033174900   | 0.000010047  |  0.035516300   | 0.000010756  |
|                          __init__ (clusters.py:19)                          |   6598   |  0.028765700   | 0.000004360  |  0.045565800   | 0.000006906  |
|      _compute_key_from_scratch (field_propagation_pattern_store.py:47)      |   964    |  0.025253200   | 0.000026196  |  0.037231800   | 0.000038622  |
|                     _apply_move (search_executor.py:395)                    |   9618   |  0.022411200   | 0.000002330  |  0.111415900   | 0.000011584  |
|              apply_move_hash (inc_zobrist_hasher_tracker.py:60)             |   3297   |  0.022366400   | 0.000006784  |  0.022366400   | 0.000006784  |
|                run_search_iterations (search_executor.py:38)                |    4     |  0.021152100   | 0.005288025  | 111.346948600  | 27.836737150 |
|                            copy (clusters.py:94)                            |   6594   |  0.020437700   | 0.000003099  |  0.076224400   | 0.000011560  |
|                 _compute_pattern_fillin (ice_engine.py:223)                 |    13    |  0.020089800   | 0.001545369  |  0.103706600   | 0.007977431  |
|                 _initialize_priors (search_executor.py:312)                 |   963    |  0.019328100   | 0.000020071  |  0.574006900   | 0.000596061  |
|                copy (field_propagation_pattern_store.py:134)                |   3297   |  0.018372100   | 0.000005572  |  0.032994300   | 0.000010007  |
|                  list_for_godel (hashed_pattern_set.py:15)                  |  15001   |  0.018212500   | 0.000001214  |  0.042308200   | 0.000002820  |
|                    _expand_node (search_executor.py:349)                    |   3297   |  0.017684700   | 0.000005364  |  0.131793100   | 0.000039974  |
|                        ensure_child (flat_tree.py:98)                       |   3297   |  0.016915200   | 0.000005130  |  0.052349100   | 0.000015878  |
|                         __init__ (ice_pattern.py:8)                         |   5408   |  0.012910100   | 0.000002387  |  0.013351400   | 0.000002469  |
|                    match_on_board (pattern_state.py:302)                    |    41    |  0.011758800   | 0.000286800  |  0.081115100   | 0.001978417  |
|                           index (ring_godel.py:30)                          |  15001   |  0.010769600   | 0.000000718  |  0.012511700   | 0.000000834  |
|               update_rave_skip_counter (selection_phase.py:67)              |   9618   |  0.008024900   | 0.000000834  |  0.008024900   | 0.000000834  |
|             verify_complete_adjacency (ice_engine_helpers.py:68)            |   485    |  0.007097000   | 0.000014633  |  0.012409300   | 0.000025586  |
|                   _step_down_node (search_executor.py:376)                  |   6321   |  0.006473200   | 0.000001024  |  0.078496200   | 0.000012418  |
|                   get_parent_visit_sum (flat_tree.py:109)                   |   9618   |  0.005846700   | 0.000000608  |  0.005846700   | 0.000000608  |
|                initialize_for_playout (playout_policy.py:59)                |   3297   |  0.005716800   | 0.000001734  |  3.188399900   | 0.000967061  |
|                   <module> (precomputed_ice_patterns.py:1)                  |    1     |  0.005672700   | 0.005672700  |  0.010965700   | 0.010965700  |
|               possible_actions (inc_empty_cells_tracker.py:55)              |   3304   |  0.005485100   | 0.000001660  |  0.005485100   | 0.000001660  |
|                          captain_of (groups.py:145)                         |  12612   |  0.005041800   | 0.000000400  |  0.011596000   | 0.000000919  |
|                 load_patterns_for_board (vc_pattern.py:124)                 |    2     |  0.004205900   | 0.002102950  |  0.006357100   | 0.003178550  |
|     initialize_all_pattern_keys (field_propagation_pattern_store.py:82)     |    5     |  0.003845300   | 0.000769060  |  0.041091500   | 0.008218300  |
|                   <module> (precomputed_vc_patterns.py:1)                   |    1     |  0.003617800   | 0.003617800  |  0.021866000   | 0.021866000  |
|                          __init__ (ring_godel.py:6)                         |  15001   |  0.003545900   | 0.000000236  |  0.003545900   | 0.000000236  |
|                      update_cell (pattern_state.py:104)                     |    83    |  0.003287900   | 0.000039613  |  0.003301200   | 0.000039773  |
|                        fillin (inferior_cells.py:117)                       |   4889   |  0.002863900   | 0.000000586  |  0.005622500   | 0.000001150  |
|                       try_add_full (vcs_build.py:130)                       |   379    |  0.002730400   | 0.000007204  |  0.021593600   | 0.000056975  |
|                         and_full (vcs_search.py:33)                         |    41    |  0.002686500   | 0.000065524  |  0.006261200   | 0.000152712  |
|                      _ensure_capacity (flat_tree.py:36)                     |   3302   |  0.002341400   | 0.000000709  |  0.002341400   | 0.000000709  |
|                     superset_of_any (carrier_list.py:70)                    |   379    |  0.002307900   | 0.000006089  |  0.007073200   | 0.000018663  |
|                      <listcomp> (ice_pattern_set.py:51)                     |    30    |  0.002244800   | 0.000074827  |  0.015596200   | 0.000519873  |
|                         _build_groups (groups.py:71)                        |    16    |  0.002195500   | 0.000137219  |  0.005973800   | 0.000373363  |
|                           try_add (and_list.py:43)                          |   379    |  0.001802500   | 0.000004756  |  0.015956800   | 0.000042102  |
|                   uses_capture (ice_engine_helpers.py:17)                   |   2455   |  0.001627800   | 0.000000663  |  0.001627800   | 0.000000663  |
|            fill_in_vulnerable (ice_engine_dead_vulnerable.py:37)            |    26    |  0.001383700   | 0.000053219  |  0.139097600   | 0.005349908  |
|                         __init__ (vc_pattern.py:25)                         |   2017   |  0.001327800   | 0.000000658  |  0.001982100   | 0.000000983  |
|                    hashed_fillin (ice_pattern_set.py:114)                   |   4884   |  0.001323000   | 0.000000271  |  0.001323000   | 0.000000271  |
|                  _remove_supersets_of (carrier_list.py:167)                 |   378    |  0.000954300   | 0.000002525  |  0.002603700   | 0.000006888  |
|                      bicolor (ice_engine_helpers.py:25)                     |   2442   |  0.000926800   | 0.000000380  |  0.000926800   | 0.000000380  |
|                 perform_bfs_from_edges (dead_region.py:342)                 |    1     |  0.000899000   | 0.000899000  |  0.000938300   | 0.000938300  |
|                       compute_edge_flags (mcts.py:20)                       |    4     |  0.000842400   | 0.000210600  |  0.000851700   | 0.000212925  |
|                  get_all_intersection (carrier_list.py:94)                  |   356    |  0.000746300   | 0.000002096  |  0.000957200   | 0.000002689  |
|               set_root_store_from_board (playout_phase.py:25)               |    4     |  0.000722200   | 0.000180550  |  0.038397000   | 0.009599250  |
|                remove_vulnerable_mask (inferior_cells.py:291)               |    41    |  0.000702200   | 0.000017127  |  0.001055300   | 0.000025739  |
|                  _build_adjacency_matrix (dead_region.py:8)                 |    1     |  0.000656400   | 0.000656400  |  0.000668900   | 0.000668900  |
|                    add_vulnerable (inferior_cells.py:191)                   |   242    |  0.000611100   | 0.000002525  |  0.000822600   | 0.000003399  |
|                            _flow (groups.py:100)                            |    58    |  0.000512600   | 0.000008838  |  0.000933800   | 0.000016100  |
|                   hashed_e_fillin (ice_pattern_set.py:54)                   |   2442   |  0.000504600   | 0.000000207  |  0.000504600   | 0.000000207  |
|              find_vulnerable (ice_engine_pattern_finders.py:98)             |    26    |  0.000494500   | 0.000019019  |  0.057779200   | 0.002222277  |
|                      get_or_create_andlist (vcs.py:71)                      |   602    |  0.000488300   | 0.000000811  |  0.000638500   | 0.000001061  |
|                      compute_fillin (ice_engine.py:127)                     |    5     |  0.000461800   | 0.000092360  |  14.979432200  | 2.995886440  |
|               _compute_neighbor_relationships (groups.py:127)               |    16    |  0.000453800   | 0.000028363  |  0.000976600   | 0.000061037  |
|                         get_neighbors (groups.py:13)                        |    94    |  0.000421200   | 0.000004481  |  0.000421200   | 0.000004481  |
|                  compute_inferior_cells (ice_engine.py:82)                  |    5     |  0.000404700   | 0.000080940  |  15.005789100  | 3.001157820  |
|                           get_action (mcts.py:81)                           |    4     |  0.000402500   | 0.000100625  | 111.350287400  | 27.837571850 |
|                           build (vcs_build.py:157)                          |    10    |  0.000365000   | 0.000036500  |  26.806507300  | 2.680650730  |
|               find_presimplicial_pairs (inferior_cells.py:324)              |    26    |  0.000363900   | 0.000013996  |  0.000562100   | 0.000021619  |
|                  <module> (precomputed_matcher_tables.py:1)                 |    1     |  0.000361300   | 0.000361300  |  0.002925700   | 0.002925700  |
|                     remove_supersets_of (and_list.py:31)                    |   378    |  0.000359600   | 0.000000951  |  0.003324400   | 0.000008795  |
|                        add_base_vcs (vcs_build.py:44)                       |    10    |  0.000359400   | 0.000035940  |  0.000631700   | 0.000063170  |
|                       get_full_carriers_at (vcs.py:83)                      |   602    |  0.000327000   | 0.000000543  |  0.000965500   | 0.000001604  |
|              _compute_consider_set_mask (search_executor.py:82)             |    5     |  0.000324700   | 0.000064940  |  41.849047400  | 8.369809480  |
|                reset_from_env (inc_empty_cells_tracker.py:16)               |    1     |  0.000290700   | 0.000290700  |  0.000393000   | 0.000393000  |
|              _compute_colorset_neighbors_helper (groups.py:49)              |   116    |  0.000273900   | 0.000002361  |  0.000373400   | 0.000003219  |
|         remove_supersets_of_check_old_removed (carrier_list.py:161)         |   378    |  0.000265100   | 0.000000701  |  0.002868800   | 0.000007589  |
|       compute_dead_regions_two_group_interaction (dead_region.py:163)       |    5     |  0.000250300   | 0.000050060  |  0.000386700   | 0.000077340  |
|                   is_color_edge (ice_engine_helpers.py:58)                  |   353    |  0.000248900   | 0.000000705  |  0.000248900   | 0.000000705  |
|                  clear_s_reversible (inferior_cells.py:275)                 |    41    |  0.000229500   | 0.000005598  |  0.000582700   | 0.000014212  |
|                      add_fillin (inferior_cells.py:182)                     |    13    |  0.000217200   | 0.000016708  |  0.001385600   | 0.000106585  |
|               remove_s_reversible_mask (inferior_cells.py:304)              |    41    |  0.000212200   | 0.000005176  |  0.000321000   | 0.000007829  |
|                      _check_connection (groups.py:173)                      |    20    |  0.000211900   | 0.000010595  |  0.000220900   | 0.000011045  |
|                           __init__ (groups.py:20)                           |    58    |  0.000211700   | 0.000003650  |  0.000973700   | 0.000016788  |
|                         vertex_exists (graph.py:12)                         |    62    |  0.000201500   | 0.000003250  |  0.001547300   | 0.000024956  |
|                       load_patterns (ice_engine.py:31)                      |    1     |  0.000198700   | 0.000198700  |  0.008085800   | 0.008085800  |
|                   _sync_ice_board (search_executor.py:158)                  |    5     |  0.000188800   | 0.000037760  |  0.003017300   | 0.000603460  |
|                       get_neighbors (vcs_search.py:15)                      |    41    |  0.000180600   | 0.000004405  |  0.000180600   | 0.000004405  |
|          compute_hash_from_array (inc_zobrist_hasher_tracker.py:33)         |    4     |  0.000176800   | 0.000044200  |  0.000255000   | 0.000063750  |
|                        __next__ (carrier_list.py:24)                        |   275    |  0.000159800   | 0.000000581  |  0.000185000   | 0.000000673  |
|                         do_search (vcs_search.py:21)                        |    10    |  0.000156000   | 0.000015600  |  0.006436300   | 0.000643630  |
|                        add_new (carrier_list.py:194)                        |    41    |  0.000156000   | 0.000003805  |  0.000347800   | 0.000008483  |
|                 remove_s_reversible (inferior_cells.py:298)                 |   278    |  0.000141100   | 0.000000508  |  0.000141100   | 0.000000508  |
|                   build_from_board_state (clusters.py:41)                   |    4     |  0.000135300   | 0.000033825  |  0.000467400   | 0.000116850  |
|                        is_empty (carrier_list.py:57)                        |   564    |  0.000133400   | 0.000000237  |  0.000133400   | 0.000000237  |
|                        __bool__ (carrier_list.py:33)                        |   374    |  0.000128700   | 0.000000344  |  0.000159700   | 0.000000427  |
|                           __init__ (and_list.py:8)                          |    40    |  0.000127800   | 0.000003195  |  0.000150200   | 0.000003755  |
|      compute_dead_regions_three_group_interaction (dead_region.py:227)      |    5     |  0.000126500   | 0.000025300  |  0.000236300   | 0.000047260  |
|                        __init__ (pattern_state.py:68)                       |    6     |  0.000126200   | 0.000021033  |  0.000317700   | 0.000052950  |
|                   update_all_cells (pattern_state.py:163)                   |    9     |  0.000123200   | 0.000013689  |  0.001422900   | 0.000158100  |
|                   clear_vulnerable (inferior_cells.py:271)                  |    41    |  0.000119800   | 0.000002922  |  0.001214200   | 0.000029615  |
|                  compute_colorset_neighbors (groups.py:58)                  |    58    |  0.000116900   | 0.000002016  |  0.000490300   | 0.000008453  |
|                      try_set_old (carrier_list.py:201)                      |    41    |  0.000116900   | 0.000002851  |  0.000528800   | 0.000012898  |
|                 is_reversible (ice_engine_reversible.py:13)                 |    4     |  0.000116300   | 0.000029075  |  0.001248300   | 0.000312075  |
|                           __init__ (groups.py:65)                           |    16    |  0.000113900   | 0.000007119  |  0.006242800   | 0.000390175  |
|                      try_set_processed (and_list.py:82)                     |    41    |  0.000110400   | 0.000002693  |  0.000695500   | 0.000016963  |
|                        iterator (carrier_list.py:60)                        |    99    |  0.000109300   | 0.000001104  |  0.000139700   | 0.000001411  |
|      compute_dead_regions_multi_group_interaction (dead_region.py:283)      |    5     |  0.000103600   | 0.000020720  |  14.731942000  | 2.946388400  |
|              compute_edge_isolated_regions (dead_region.py:32)              |    1     |  0.000100600   | 0.000100600  |  0.001075000   | 0.001075000  |
|                       inferior (inferior_cells.py:149)                      |    5     |  0.000097100   | 0.000019420  |  0.000921100   | 0.000184220  |
|            clique_cutset_dead (ice_engine_dead_vulnerable.py:17)            |    5     |  0.000095300   | 0.000019060  |  14.733870700  | 2.946774140  |
|                            get_table (vcs.py:95)                            |   420    |  0.000091300   | 0.000000217  |  0.000091300   | 0.000000217  |
|                              build (vcs.py:138)                             |    10    |  0.000086700   | 0.000008670  |  26.835311900  | 2.683531190  |
|         IncrementalEmptyCellsTracker (inc_empty_cells_tracker.py:6)         |    1     |  0.000085600   | 0.000085600  |  0.000085600   | 0.000085600  |
|                  get_patterns_for_color (vc_pattern.py:162)                 |    20    |  0.000081500   | 0.000004075  |  0.006438600   | 0.000321930  |
|                      <listcomp> (inferior_cells.py:108)                     |    1     |  0.000080300   | 0.000080300  |  0.000080300   | 0.000080300  |
|                     clear_fillin (inferior_cells.py:267)                    |    50    |  0.000077400   | 0.000001548  |  0.000077400   | 0.000001548  |
|                        get_opponent_color (vcs.py:92)                       |   430    |  0.000076800   | 0.000000179  |  0.000076800   | 0.000000179  |
|                          <module> (vcs_search.py:1)                         |    1     |  0.000076300   | 0.000076300  |  0.001479600   | 0.001479600  |
|                           get_m_param (vcs.py:98)                           |   389    |  0.000075300   | 0.000000194  |  0.000075300   | 0.000000194  |
|                       __init__ (playout_policy.py:11)                       |    1     |  0.000073500   | 0.000073500  |  0.013570900   | 0.013570900  |
|                      <listcomp> (inferior_cells.py:110)                     |    1     |  0.000072000   | 0.000072000  |  0.000072000   | 0.000072000  |
|                         carrier (carrier_list.py:18)                        |   275    |  0.000069700   | 0.000000253  |  0.000069700   | 0.000000253  |
|                            __init__ (board.py:20)                           |    1     |  0.000067000   | 0.000067000  |  0.000992600   | 0.000992600  |
|                          compute_all (board.py:124)                         |    5     |  0.000066800   | 0.000013360  |  41.844436100  | 8.368887220  |
|                compute_group_dead_regions (dead_region.py:65)               |    5     |  0.000066700   | 0.000013340  |  0.001310400   | 0.000262080  |
|                          _build_vcs (board.py:187)                          |    5     |  0.000066200   | 0.000013240  |  26.835434300  | 5.367086860  |
|                       action_to_id (board_utils.py:10)                      |   201    |  0.000065500   | 0.000000326  |  0.000065500   | 0.000000326  |
|                        clear (inferior_cells.py:260)                        |    15    |  0.000065300   | 0.000004353  |  0.000713000   | 0.000047533  |
|                    SearchExecutor (search_executor.py:24)                   |    1     |  0.000062300   | 0.000062300  |  0.000112800   | 0.000112800  |
|                 update_changed_cells (pattern_state.py:159)                 |    13    |  0.000061300   | 0.000004715  |  0.001982000   | 0.000152462  |
|                  remove_vulnerable (inferior_cells.py:285)                  |    36    |  0.000058700   | 0.000001631  |  0.000068600   | 0.000001906  |
|            prunable_from_inferiority_graph (inferior_cells.py:7)            |    5     |  0.000057500   | 0.000011500  |  0.000127400   | 0.000025480  |
|                    remove (inc_empty_cells_tracker.py:33)                   |    6     |  0.000057100   | 0.000009517  |  0.000057100   | 0.000009517  |
|                              reset (vcs.py:131)                             |    10    |  0.000055400   | 0.000005540  |  0.000420100   | 0.000042010  |
|                     compute_inferior_cells (board.py:95)                    |    5     |  0.000054500   | 0.000010900  |  15.005853800  | 3.001170760  |
|                   and_full_empty_full (vcs_search.py:107)                   |   274    |  0.000053100   | 0.000000194  |  0.000053100   | 0.000000194  |
|                               VCS (vcs.py:49)                               |    1     |  0.000050500   | 0.000050500  |  0.000305900   | 0.000305900  |
|                       __init__ (ice_pattern_set.py:17)                      |    2     |  0.000049200   | 0.000024600  |  0.016144700   | 0.008072350  |
|             find_s_reversible (ice_engine_pattern_finders.py:14)            |    5     |  0.000048700   | 0.000009740  |  0.008575800   | 0.001715160  |
|                             clear (graph.py:207)                            |    15    |  0.000048600   | 0.000003240  |  0.000111900   | 0.000007460  |
|                         get_mustplay (board.py:204)                         |    5     |  0.000047000   | 0.000009400  |  0.000105600   | 0.000021120  |
|                   remove_inferior (inferior_cells.py:311)                   |    36    |  0.000046200   | 0.000001283  |  0.001030100   | 0.000028614  |
|                            build (groups.py:195)                            |    16    |  0.000045000   | 0.000002813  |  0.006287800   | 0.000392988  |
|                       <module> (search_executor.py:1)                       |    1     |  0.000045000   | 0.000045000  |  1.152911400   | 1.152911400  |
|                             <module> (mcts.py:1)                            |    1     |  0.000043900   | 0.000043900  |  1.257898300   | 1.257898300  |
|                    is_group_on_edge (dead_region.py:383)                    |    66    |  0.000043900   | 0.000000665  |  0.000043900   | 0.000000665  |
|                     <listcomp> (last_move_tracker.py:22)                    |    6     |  0.000043300   | 0.000007217  |  0.000149300   | 0.000024883  |
|                       extract_board_array (mcts.py:32)                      |    4     |  0.000042800   | 0.000010700  |  0.000078300   | 0.000019575  |
|                    <module> (neighbor_offset_tables.py:1)                   |    1     |  0.000041700   | 0.000041700  |  0.000041700   | 0.000041700  |
|               compute_opponent_move (last_move_tracker.py:14)               |    7     |  0.000041600   | 0.000005943  |  0.000208100   | 0.000029729  |
|               _load_category_patterns (ice_pattern_set.py:50)               |    30    |  0.000041200   | 0.000001373  |  0.016044500   | 0.000534817  |
|                         <module> (vcs_queries.py:1)                         |    1     |  0.000040800   | 0.000040800  |  0.000075600   | 0.000075600  |
|                    InferiorCells (inferior_cells.py:100)                    |    1     |  0.000040800   | 0.000040800  |  0.000122400   | 0.000122400  |
|                         VcPattern (vc_pattern.py:22)                        |    1     |  0.000040700   | 0.000040700  |  0.000199400   | 0.000199400  |
|                          <module> (vcs_build.py:1)                          |    1     |  0.000040200   | 0.000040200  |  0.027685600   | 0.027685600  |
|                            __init__ (graph.py:7)                            |    11    |  0.000039600   | 0.000003600  |  0.000079100   | 0.000007191  |
|                            OrList (or_list.py:7)                            |    1     |  0.000037600   | 0.000037600  |  0.000136200   | 0.000136200  |
|                     _validate_board_state (board.py:55)                     |    1     |  0.000037300   | 0.000037300  |  0.000338500   | 0.000338500  |
|                        <module> (pattern_state.py:1)                        |    1     |  0.000037100   | 0.000037100  |  0.005136200   | 0.005136200  |
|                              Graph (graph.py:5)                             |    1     |  0.000035300   | 0.000035300  |  0.000066900   | 0.000066900  |
|                            set_table (vcs.py:122)                           |    20    |  0.000034800   | 0.000001740  |  0.000046400   | 0.000002320  |
|                          get_winner (groups.py:167)                         |    10    |  0.000034400   | 0.000003440  |  0.000255300   | 0.000025530  |
|                             <module> (vcs.py:1)                             |    1     |  0.000034000   | 0.000034000  |  0.006618300   | 0.006618300  |
|                  compute_edge_indices_for_color (vcs.py:34)                 |    2     |  0.000033000   | 0.000016500  |  0.000049900   | 0.000024950  |
|               <module> (field_propagation_pattern_store.py:1)               |    1     |  0.000032900   | 0.000032900  |  0.130507400   | 0.130507400  |
|                         <module> (board_utils.py:1)                         |    1     |  0.000032300   | 0.000032300  |  0.002127100   | 0.002127100  |
|                     _copy_graph (inferior_cells.py:170)                     |    5     |  0.000031400   | 0.000006280  |  0.000076800   | 0.000015360  |
|                advance_on_opponent_move (tree_manager.py:23)                |    3     |  0.000031300   | 0.000010433  |  0.000164500   | 0.000054833  |
|                        __init__ (pattern_state.py:48)                       |    6     |  0.000031200   | 0.000005200  |  0.000032500   | 0.000005417  |
|                  hashed_vulnerable (ice_pattern_set.py:139)                 |    26    |  0.000031000   | 0.000001192  |  0.000031000   | 0.000001192  |
|                          <module> (ice_engine.py:1)                         |    1     |  0.000030700   | 0.000030700  |  0.034613800   | 0.034613800  |
|                             __init__ (vcs.py:50)                            |    2     |  0.000030600   | 0.000015300  |  0.000082400   | 0.000041200  |
|                            __init__ (mcts.py:45)                            |    1     |  0.000030400   | 0.000030400  |  0.031050800   | 0.031050800  |
|              sync_with_opponent_move (game_state_manager.py:13)             |    4     |  0.000030100   | 0.000007525  |  0.000606800   | 0.000151700  |
|              find_inferior (ice_engine_pattern_finders.py:125)              |    5     |  0.000029500   | 0.000005900  |  0.008185800   | 0.001637160  |
|                      <listcomp> (playout_policy.py:16)                      |    1     |  0.000028100   | 0.000028100  |  0.000028100   | 0.000028100  |
|                          <module> (vc_pattern.py:1)                         |    1     |  0.000027300   | 0.000027300  |  0.027090900   | 0.027090900  |
|                  IceEngineHelpers (ice_engine_helpers.py:9)                 |    1     |  0.000027100   | 0.000027100  |  0.000039500   | 0.000039500  |
|                      __init__ (hashed_pattern_set.py:7)                     |    30    |  0.000027000   | 0.000000900  |  0.000051000   | 0.000001700  |
|             find_t_reversible (ice_engine_pattern_finders.py:68)            |    5     |  0.000025800   | 0.000005160  |  0.007942300   | 0.001588460  |
|                      clear_inferior_cells (board.py:89)                     |    5     |  0.000025200   | 0.000005040  |  0.000388800   | 0.000077760  |
|                        create_root (flat_tree.py:85)                        |    5     |  0.000024800   | 0.000004960  |  0.000193900   | 0.000038780  |
|                       full_exists (vcs_queries.py:138)                      |    5     |  0.000024600   | 0.000004920  |  0.000030700   | 0.000006140  |
|                        <module> (playout_policy.py:1)                       |    1     |  0.000024000   | 0.000024000  |  1.101230700   | 1.101230700  |
|                           AndList (and_list.py:7)                           |    1     |  0.000023900   | 0.000023900  |  0.000097200   | 0.000097200  |
|                         ICEngine (ice_engine.py:17)                         |    1     |  0.000023800   | 0.000023800  |  0.000091000   | 0.000091000  |
|                     _initialize_ice_engine (mcts.py:68)                     |    1     |  0.000023200   | 0.000023200  |  0.016379700   | 0.016379700  |
|                        <module> (playout_phase.py:1)                        |    1     |  0.000023100   | 0.000023100  |  1.103101400   | 1.103101400  |
|                   IterationLogger (iteration_logger.py:6)                   |    1     |  0.000022900   | 0.000022900  |  0.000022900   | 0.000022900  |
|                       __init__ (inferior_cells.py:101)                      |    1     |  0.000022600   | 0.000022600  |  0.000193900   | 0.000193900  |
|                         __init__ (vc_pattern.py:157)                        |    20    |  0.000022500   | 0.000001125  |  0.000022500   | 0.000001125  |
|                        __init__ (carrier_list.py:36)                        |    40    |  0.000022400   | 0.000000560  |  0.000022400   | 0.000000560  |
|                         remove_vertex (graph.py:27)                         |    26    |  0.000020900   | 0.000000804  |  0.000584300   | 0.000022473  |
|                    clear_inferior (inferior_cells.py:281)                   |    15    |  0.000020300   | 0.000001353  |  0.000132200   | 0.000008813  |
|                       <module> (ice_pattern_set.py:1)                       |    1     |  0.000019300   | 0.000019300  |  0.022408200   | 0.022408200  |
|                             Board (board.py:19)                             |    1     |  0.000019100   | 0.000019100  |  0.000133000   | 0.000133000  |
|                         <module> (dead_region.py:1)                         |    1     |  0.000018900   | 0.000018900  |  0.000719600   | 0.000719600  |
|                      get_m_fulls_and_queue (vcs.py:110)                     |    51    |  0.000018800   | 0.000000369  |  0.000018800   | 0.000000369  |
|                        <module> (inferior_cells.py:1)                       |    1     |  0.000018700   | 0.000018700  |  0.000692900   | 0.000692900  |
|                         is_game_over (groups.py:164)                        |    10    |  0.000018500   | 0.000001850  |  0.000273800   | 0.000027380  |
|                          __init__ (flat_tree.py:7)                          |    1     |  0.000018500   | 0.000018500  |  0.000841400   | 0.000841400  |
|                reset (field_propagation_pattern_store.py:93)                |    4     |  0.000018400   | 0.000004600  |  0.000040200   | 0.000010050  |
|                       <listcomp> (dead_region.py:170)                       |    10    |  0.000018100   | 0.000001810  |  0.000018100   | 0.000001810  |
|                        __init__ (playout_phase.py:16)                       |    1     |  0.000017900   | 0.000017900  |  0.013738200   | 0.013738200  |
|          IceEnginePatternFinders (ice_engine_pattern_finders.py:12)         |    1     |  0.000017800   | 0.000017800  |  0.000030100   | 0.000030100  |
|                   clear_godel_values (pattern_state.py:82)                  |    9     |  0.000017600   | 0.000001956  |  0.000056500   | 0.000006278  |
|               __init__ (field_propagation_pattern_store.py:26)              |    1     |  0.000017000   | 0.000017000  |  0.000149400   | 0.000149400  |
|                   advance_on_our_move (tree_manager.py:35)                  |    3     |  0.000016800   | 0.000005600  |  0.000060300   | 0.000020100  |
|                          VCOrCombiner (vc_or.py:6)                          |    1     |  0.000016500   | 0.000016500  |  0.000150800   | 0.000150800  |
|                        __init__ (tree_manager.py:10)                        |    1     |  0.000016300   | 0.000016300  |  0.000862900   | 0.000862900  |
|                 hashed_s_reversible (ice_pattern_set.py:119)                |    33    |  0.000016100   | 0.000000488  |  0.000016100   | 0.000000488  |
|                            get_color (vcs.py:89)                            |    30    |  0.000016000   | 0.000000533  |  0.000016000   | 0.000000533  |
|                            <module> (vc_or.py:1)                            |    1     |  0.000016000   | 0.000016000  |  0.000210600   | 0.000210600  |
|                            <module> (board.py:1)                            |    1     |  0.000015800   | 0.000015800  |  0.008559700   | 0.008559700  |
|                           transpose (graph.py:150)                          |    5     |  0.000015100   | 0.000003020  |  0.000055900   | 0.000011180  |
|                xor_player (inc_zobrist_hasher_tracker.py:51)                |    4     |  0.000015100   | 0.000003775  |  0.000015100   | 0.000003775  |
|            is_monocolor_using_capture (ice_engine_helpers.py:21)            |    5     |  0.000014700   | 0.000002940  |  0.000014700   | 0.000002940  |
|                      <module> (game_state_manager.py:1)                     |    1     |  0.000014700   | 0.000014700  |  0.001434700   | 0.001434700  |
|                      <module> (zobrist_constants.py:1)                      |    1     |  0.000014600   | 0.000014600  |  0.000041100   | 0.000041100  |
|                        DeadRegion (dead_region.py:30)                       |    1     |  0.000014200   | 0.000014200  |  0.000015600   | 0.000015600  |
|                    <module> (ice_engine_reversible.py:1)                    |    1     |  0.000014100   | 0.000014100  |  0.000025100   | 0.000025100  |
|                  _reset_trackers (game_state_manager.py:28)                 |    1     |  0.000013800   | 0.000013800  |  0.000407600   | 0.000407600  |
|                  <module> (ice_engine_dead_vulnerable.py:1)                 |    1     |  0.000013000   | 0.000013000  |  0.001257100   | 0.001257100  |
|                     <listcomp> (last_move_tracker.py:27)                    |    6     |  0.000013000   | 0.000002167  |  0.000015600   | 0.000002600  |
|                       get_m_captured_set (vcs.py:104)                       |    51    |  0.000012800   | 0.000000251  |  0.000012800   | 0.000000251  |
|               _apply_opponent_move (game_state_manager.py:32)               |    3     |  0.000012700   | 0.000004233  |  0.000062600   | 0.000020867  |
|                       <module> (neighbors_lookup.py:1)                      |    1     |  0.000012600   | 0.000012600  |  0.000062600   | 0.000062600  |
|             compute_edge_indices_for_player (dead_region.py:327)            |    1     |  0.000012300   | 0.000012300  |  0.000018900   | 0.000018900  |
|                     PlayoutPolicy (playout_policy.py:10)                    |    1     |  0.000012100   | 0.000012100  |  0.000014800   | 0.000014800  |
|                       <listcomp> (dead_region.py:234)                       |    10    |  0.000011900   | 0.000001190  |  0.000011900   | 0.000001190  |
|                    IcePatternSet (ice_pattern_set.py:15)                    |    1     |  0.000011800   | 0.000011800  |  0.000011800   | 0.000011800  |
|                          get_m_groups (vcs.py:101)                          |    41    |  0.000011200   | 0.000000273  |  0.000011200   | 0.000000273  |
|                            <module> (config.py:1)                           |    1     |  0.000011200   | 0.000011200  |  0.001825200   | 0.001825200  |
|                         <module> (tree_manager.py:1)                        |    1     |  0.000011000   | 0.000011000  |  0.000027500   | 0.000027500  |
|                  <module> (inc_zobrist_hasher_tracker.py:1)                 |    1     |  0.000010900   | 0.000010900  |  0.000503500   | 0.000503500  |
|                       _reset_tree (tree_manager.py:58)                      |    4     |  0.000010800   | 0.000002700  |  0.000175700   | 0.000043925  |
|                         __init__ (ice_engine.py:19)                         |    1     |  0.000010400   | 0.000010400  |  0.008268000   | 0.008268000  |
|                  <module> (ice_engine_pattern_finders.py:1)                 |    1     |  0.000010400   | 0.000010400  |  0.001197100   | 0.001197100  |
|                       CarrierList (carrier_list.py:12)                      |    1     |  0.000010300   | 0.000010300  |  0.000365500   | 0.000365500  |
|                           <module> (or_list.py:1)                           |    1     |  0.000010100   | 0.000010100  |  0.000169100   | 0.000169100  |
|                              cons (board.py:81)                             |    5     |  0.000009400   | 0.000001880  |  0.000009400   | 0.000001880  |
|                      <module> (hashed_pattern_set.py:1)                     |    1     |  0.000009200   | 0.000009200  |  0.021151100   | 0.021151100  |
|     FieldPropagationPatternStore (field_propagation_pattern_store.py:17)    |    1     |  0.000009200   | 0.000009200  |  0.000011200   | 0.000011200  |
|                  Zobrist (inc_zobrist_hasher_tracker.py:11)                 |    1     |  0.000009000   | 0.000009000  |  0.000014000   | 0.000014000  |
|          IceEngineDeadVulnerable (ice_engine_dead_vulnerable.py:15)         |    1     |  0.000008900   | 0.000008900  |  0.000008900   | 0.000008900  |
|                        <module> (value_objects.py:1)                        |    1     |  0.000008800   | 0.000008800  |  0.001130400   | 0.001130400  |
|                   __init__ (inc_empty_cells_tracker.py:9)                   |    1     |  0.000008800   | 0.000008800  |  0.000026300   | 0.000026300  |
|                      <module> (ice_engine_helpers.py:1)                     |    1     |  0.000008700   | 0.000008700  |  0.001033500   | 0.001033500  |
|                           <module> (and_list.py:1)                          |    1     |  0.000008200   | 0.000008200  |  0.001327200   | 0.001327200  |
|                         get_n_positions (vcs.py:107)                        |    42    |  0.000008200   | 0.000000195  |  0.000008200   | 0.000000195  |
|                            <module> (groups.py:1)                           |    1     |  0.000008000   | 0.000008000  |  0.000083900   | 0.000083900  |
|                         <module> (carrier_list.py:1)                        |    1     |  0.000007800   | 0.000007800  |  0.000775800   | 0.000775800  |
|                      __init__ (game_state_manager.py:9)                     |    1     |  0.000007800   | 0.000007800  |  0.000035400   | 0.000035400  |
|                          <module> (ring_godel.py:1)                         |    1     |  0.000007700   | 0.000007700  |  0.003969300   | 0.003969300  |
|                             size (groups.py:37)                             |    19    |  0.000007500   | 0.000000395  |  0.000007500   | 0.000000395  |
|                      PatternState (pattern_state.py:62)                     |    1     |  0.000007300   | 0.000007300  |  0.000093400   | 0.000093400  |
|                     VcPatternManager (vc_pattern.py:156)                    |    1     |  0.000007200   | 0.000007200  |  0.000036300   | 0.000036300  |
|                       <module> (iteration_logger.py:1)                      |    1     |  0.000007200   | 0.000007200  |  0.000041100   | 0.000041100  |
|                    PlayerIdentity (player_identity.py:4)                    |    1     |  0.000007000   | 0.000007000  |  0.000008400   | 0.000008400  |
|                         <module> (gamma_prior.py:1)                         |    1     |  0.000007000   | 0.000007000  |  0.000022600   | 0.000022600  |
|                          MCTSConfig (config.py:25)                          |    1     |  0.000006900   | 0.000006900  |  0.000006900   | 0.000006900  |
|                       <module> (vc_builder_param.py:1)                      |    1     |  0.000006800   | 0.000006800  |  0.000630500   | 0.000630500  |
|                      PlayoutPhase (playout_phase.py:15)                     |    1     |  0.000006600   | 0.000006600  |  0.000156900   | 0.000156900  |
|                   <module> (inc_empty_cells_tracker.py:1)                   |    1     |  0.000006200   | 0.000006200  |  0.000110100   | 0.000110100  |
|                        <module> (ice_constants.py:1)                        |    1     |  0.000006100   | 0.000006100  |  0.000012100   | 0.000012100  |
|                             Group (groups.py:19)                            |    1     |  0.000006000   | 0.000006000  |  0.000041200   | 0.000041200  |
|                          set_m_groups (vcs.py:128)                          |    10    |  0.000005900   | 0.000000590  |  0.000005900   | 0.000000590  |
|                          Full (value_objects.py:12)                         |    1     |  0.000005800   | 0.000005800  |  0.000010600   | 0.000010600  |
|                      <module> (last_move_tracker.py:1)                      |    1     |  0.000005800   | 0.000005800  |  0.000138700   | 0.000138700  |
|                    semi_intersection (vcs_queries.py:192)                   |    1     |  0.000005500   | 0.000005500  |  0.000016700   | 0.000016700  |
|                   LastMoveTracker (last_move_tracker.py:6)                  |    1     |  0.000005500   | 0.000005500  |  0.000121200   | 0.000121200  |
|                          <module> (flat_tree.py:1)                          |    1     |  0.000005500   | 0.000005500  |  0.000021700   | 0.000021700  |
|                      get_m_semis_or_queue (vcs.py:113)                      |    10    |  0.000005200   | 0.000000520  |  0.000005200   | 0.000000520  |
|                 __init__ (inc_zobrist_hasher_tracker.py:12)                 |    1     |  0.000005200   | 0.000005200  |  0.000005200   | 0.000005200  |
|                       <module> (selection_phase.py:1)                       |    1     |  0.000005200   | 0.000005200  |  0.000068800   | 0.000068800  |
|                  hashed_reversible (ice_pattern_set.py:144)                 |    4     |  0.000005200   | 0.000001300  |  0.000005200   | 0.000001300  |
|                            use_vcs (board.py:72)                            |    5     |  0.000005100   | 0.000001020  |  0.000005100   | 0.000001020  |
|                      vulnerable (inferior_cells.py:121)                     |    5     |  0.000005100   | 0.000001020  |  0.000010300   | 0.000002060  |
|                          <module> (constants.py:1)                          |    1     |  0.000005000   | 0.000005000  |  0.000005000   | 0.000005000  |
|                     initialize_root (tree_manager.py:20)                    |    1     |  0.000005000   | 0.000005000  |  0.000034000   | 0.000034000  |
|                          Semi (value_objects.py:19)                         |    1     |  0.000004900   | 0.000004900  |  0.000008900   | 0.000008900  |
|                           <module> (clusters.py:1)                          |    1     |  0.000004900   | 0.000004900  |  0.000025600   | 0.000025600  |
|                           set_m_param (vcs.py:125)                          |    10    |  0.000004800   | 0.000000480  |  0.000004800   | 0.000000480  |
|                     <module> (cell_to_index_lookup.py:1)                    |    1     |  0.000004800   | 0.000004800  |  0.000030100   | 0.000030100  |
|                         <module> (ice_pattern.py:1)                         |    1     |  0.000004700   | 0.000004700  |  0.000406800   | 0.000406800  |
|              <dictcomp> (field_propagation_pattern_store.py:42)             |    1     |  0.000004500   | 0.000004500  |  0.000004500   | 0.000004500  |
|                        _validate_color (board.py:169)                       |    5     |  0.000004300   | 0.000000860  |  0.000004300   | 0.000000860  |
|                       <module> (ice_fillin_modes.py:1)                      |    1     |  0.000004300   | 0.000004300  |  0.000219700   | 0.000219700  |
|                        get_root (tree_manager.py:46)                        |    8     |  0.000004200   | 0.000000525  |  0.000004200   | 0.000000525  |
|                   set_our_board (last_move_tracker.py:11)                   |    4     |  0.000004200   | 0.000001050  |  0.000004200   | 0.000001050  |
|                      _validate_last_move (board.py:173)                     |    5     |  0.000004200   | 0.000000840  |  0.000004200   | 0.000000840  |
|                       TreeManager (tree_manager.py:9)                       |    1     |  0.000004000   | 0.000004000  |  0.000005000   | 0.000005000  |
|                   hashed_inferior (ice_pattern_set.py:129)                  |    5     |  0.000004000   | 0.000000800  |  0.000004000   | 0.000000800  |
|                          num_vertices (graph.py:68)                         |    5     |  0.000004000   | 0.000000800  |  0.000004000   | 0.000000800  |
|                            Groups (groups.py:64)                            |    1     |  0.000003900   | 0.000003900  |  0.000003900   | 0.000003900  |
|                       __init__ (player_identity.py:5)                       |    1     |  0.000003800   | 0.000003800  |  0.000003800   | 0.000003800  |
|                          FlatTree (flat_tree.py:6)                          |    1     |  0.000003800   | 0.000003800  |  0.000004400   | 0.000004400  |
|                 hashed_t_reversible (ice_pattern_set.py:124)                |    5     |  0.000003800   | 0.000000760  |  0.000003800   | 0.000000760  |
|                    SelectionPhase (selection_phase.py:6)                    |    1     |  0.000003700   | 0.000003700  |  0.000053100   | 0.000053100  |
|                     s_reversible (inferior_cells.py:124)                    |    5     |  0.000003700   | 0.000000740  |  0.000007300   | 0.000001460  |
|                       <module> (player_identity.py:1)                       |    1     |  0.000003600   | 0.000003600  |  0.000022500   | 0.000022500  |
|       IncrementalZobristHashTracker (inc_zobrist_hasher_tracker.py:72)      |    1     |  0.000003600   | 0.000003600  |  0.000005800   | 0.000005800  |
|                  HashedPatternSet (hashed_pattern_set.py:5)                 |    1     |  0.000003600   | 0.000003600  |  0.000003600   | 0.000003600  |
|                         GroupBuilder (groups.py:194)                        |    1     |  0.000003500   | 0.000003500  |  0.000003500   | 0.000003500  |
|                          <module> (xor_masks.py:1)                          |    1     |  0.000003400   | 0.000003400  |  0.000015000   | 0.000015000  |
|                  GameStateManager (game_state_manager.py:8)                 |    1     |  0.000003200   | 0.000003200  |  0.000008400   | 0.000008400  |
|                         __init__ (gamma_prior.py:10)                        |    1     |  0.000003100   | 0.000003100  |  0.000003100   | 0.000003100  |
|                           Clusters (clusters.py:4)                          |    1     |  0.000003100   | 0.000003100  |  0.000003100   | 0.000003100  |
|                 get_our_piece_letter (player_identity.py:40)                |    8     |  0.000003000   | 0.000000375  |  0.000003000   | 0.000000375  |
|                              MCTS (mcts.py:44)                              |    1     |  0.000002700   | 0.000002700  |  0.000002900   | 0.000002900  |
|                   GammaPriorCalculator (gamma_prior.py:9)                   |    1     |  0.000002700   | 0.000002700  |  0.000003400   | 0.000003400  |
|                       get_inferior_cells (board.py:86)                      |    5     |  0.000002600   | 0.000000520  |  0.000002600   | 0.000000520  |
|                       __init__ (search_executor.py:25)                      |    1     |  0.000002600   | 0.000002600  |  0.000002600   | 0.000002600  |
|                          id_to_action (mcts.py:40)                          |    3     |  0.000002500   | 0.000000833  |  0.000002500   | 0.000000833  |
|                         RingGodel (ring_godel.py:4)                         |    1     |  0.000002500   | 0.000002500  |  0.000002500   | 0.000002500  |
|              IceEngineReversible (ice_engine_reversible.py:11)              |    1     |  0.000002400   | 0.000002400  |  0.000002400   | 0.000002400  |
|                            <module> (graph.py:1)                            |    1     |  0.000002400   | 0.000002400  |  0.000084000   | 0.000084000  |
|                           get_m_fulls (vcs.py:116)                          |    5     |  0.000002200   | 0.000000440  |  0.000002200   | 0.000000440  |
|                      FillinMode (ice_fillin_modes.py:4)                     |    1     |  0.000002200   | 0.000002200  |  0.000034400   | 0.000034400  |
|                        set_store (gamma_prior.py:15)                        |    3     |  0.000002100   | 0.000000700  |  0.000002100   | 0.000000700  |
|                       PatternHit (pattern_state.py:25)                      |    1     |  0.000002100   | 0.000002100  |  0.000002100   | 0.000002100  |
|                  get_our_piece_type (player_identity.py:22)                 |    4     |  0.000002000   | 0.000000500  |  0.000002000   | 0.000000500  |
|                    VCBuilderParam (vc_builder_param.py:4)                   |    1     |  0.000001800   | 0.000001800  |  0.000001800   | 0.000001800  |
|                      _sanitize_reverser (board.py:178)                      |    5     |  0.000001700   | 0.000000340  |  0.000001700   | 0.000000340  |
|                         IceUtil (ice_engine.py:342)                         |    1     |  0.000001700   | 0.000001700  |  0.000001700   | 0.000001700  |
|                       __init__ (selection_phase.py:7)                       |    1     |  0.000001600   | 0.000001600  |  0.000001600   | 0.000001600  |
|                   PatternMatcherData (pattern_state.py:41)                  |    1     |  0.000001600   | 0.000001600  |  0.000001600   | 0.000001600  |
|                        Iterator (carrier_list.py:13)                        |    1     |  0.000001300   | 0.000001300  |  0.000001300   | 0.000001300  |
|                      __init__ (last_move_tracker.py:7)                      |    1     |  0.000001300   | 0.000001300  |  0.000001300   | 0.000001300  |
|                      get_flat_tree (tree_manager.py:49)                     |    4     |  0.000001100   | 0.000000275  |  0.000001100   | 0.000000275  |
|                       <listcomp> (ice_constants.py:36)                      |    1     |  0.000001100   | 0.000001100  |  0.000001100   | 0.000001100  |
|                      _advance_root (tree_manager.py:55)                     |    2     |  0.000001000   | 0.000000500  |  0.000001000   | 0.000000500  |
|                          Ends (value_objects.py:6)                          |    1     |  0.000000800   | 0.000000800  |  0.000000800   | 0.000000800  |
|                           Elem (carrier_list.py:6)                          |    1     |  0.000000800   | 0.000000800  |  0.000000800   | 0.000000800  |
|                      RotatedPattern (ice_pattern.py:27)                     |    1     |  0.000000700   | 0.000000700  |  0.000000700   | 0.000000700  |
|                is_captain_in_upper_half (dead_region.py:378)                |    1     |  0.000000700   | 0.000000700  |  0.000000700   | 0.000000700  |
|                        IcePattern (ice_pattern.py:4)                        |    1     |  0.000000600   | 0.000000600  |  0.000000600   | 0.000000600  |
|               set_find_presimplicial_pairs (ice_engine.py:37)               |    1     |  0.000000400   | 0.000000400  |  0.000000400   | 0.000000400  |
|               set_find_all_pattern_killers (ice_engine.py:43)               |    1     |  0.000000400   | 0.000000400  |  0.000000400   | 0.000000400  |
|              set_find_all_pattern_superiors (ice_engine.py:49)              |    1     |  0.000000400   | 0.000000400  |  0.000000400   | 0.000000400  |
|                           get_m_semis (vcs.py:119)                          |    1     |  0.000000300   | 0.000000300  |  0.000000300   | 0.000000300  |
|                   and_full_stone_full (vcs_search.py:129)                   |    1     |  0.000000300   | 0.000000300  |  0.000000300   | 0.000000300  |
|             set_find_three_sided_dead_regions (ice_engine.py:55)            |    1     |  0.000000300   | 0.000000300  |  0.000000300   | 0.000000300  |
|                set_iterative_dead_regions (ice_engine.py:61)                |    1     |  0.000000300   | 0.000000300  |  0.000000300   | 0.000000300  |
|                      set_use_capture (ice_engine.py:67)                     |    1     |  0.000000300   | 0.000000300  |  0.000000300   | 0.000000300  |
|                    set_find_reversible (ice_engine.py:73)                   |    1     |  0.000000300   | 0.000000300  |  0.000000300   | 0.000000300  |
|            set_use_s_reversible_as_reversible (ice_engine.py:79)            |    1     |  0.000000300   | 0.000000300  |  0.000000300   | 0.000000300  |
|                           <module> (__init__.py:1)                          |    1     |  0.000000200   | 0.000000200  |  0.000000200   | 0.000000200  |
|                           <module> (__init__.py:1)                          |    1     |  0.000000200   | 0.000000200  |  0.000000200   | 0.000000200  |
|                           <module> (__init__.py:1)                          |    1     |  0.000000200   | 0.000000200  |  0.000000200   | 0.000000200  |
|                           <module> (__init__.py:1)                          |    1     |  0.000000200   | 0.000000200  |  0.000000200   | 0.000000200  |
|                           <module> (__init__.py:1)                          |    1     |  0.000000100   | 0.000000100  |  0.000000100   | 0.000000100  |
|                           <module> (__init__.py:1)                          |    1     |  0.000000100   | 0.000000100  |  0.000000100   | 0.000000100  |
|                           <module> (__init__.py:1)                          |    1     |  0.000000100   | 0.000000100  |  0.000000100   | 0.000000100  |
|                           <module> (__init__.py:1)                          |    1     |  0.000000100   | 0.000000100  |  0.000000100   | 0.000000100  |
|                           <module> (__init__.py:1)                          |    1     |  0.000000100   | 0.000000100  |  0.000000100   | 0.000000100  |
|                           <module> (__init__.py:1)                          |    1     |  0.000000100   | 0.000000100  |  0.000000100   | 0.000000100  |
|                           <module> (__init__.py:1)                          |    1     |  0.000000100   | 0.000000100  |  0.000000100   | 0.000000100  |
+-----------------------------------------------------------------------------+----------+----------------+--------------+----------------+--------------+